20
10
0.14303029621
0.0519083299538
0.296046738962
0.153829925979
0.043249904484
0.141921154587
0.201985439022
0.360884461796
0.0731450599504
0.816787892525
0.130386125575
0.0247206004564
0.346209051718
0.194292948695
0.0520997989188
0.336455599348
0.089436733124
0.168205188398
0.0720822957099
0.816929226675
0.120942298619
0.0223460508858
0.112938870146
0.15114386374
0.0715043612341
0.258194199413
0.15802728821
0.298787079185
0.327438407511
0.809959620581
0.190719459782
0.0144851059574
0.126988200818
0.196417689331
0.0786047733283
0.35823432096
0.0845907154721
0.370324387246
0.114268338187
0.785395966623
0.0950965442012
0.0619362198069
0.106034026976
0.112586539351
0.0476262399373
0.0709107343106
0.160955420182
0.756570246468
0.072573333825
0.593576400607
0.126802042761
0.025063154035
0.125076035516
0.18768744575
0.0651996018583
0.199129200879
0.0960303261717
0.432694349705
0.1052263054
0.825227400432
0.0898169820467
0.0357965568948
0.540667654867
0.150188008846
0.0388203327108
0.205795902666
0.0794581524149
0.176297596439
0.0334927025729
0.770323563071
0.14248356372
0.0429931329956
0.151825574703
0.144619293503
0.0380863138628
0.150509486619
0.462566470813
0.344370877945
0.0880579439801
0.754630613968
0.151953172056
0.0264192466173
0.139035395392
0.192085229334
0.078921335707
0.21662396327
0.146825094285
0.273141896879
0.107090854829
0.871319462876
0.167496259535
0.0266009094188
0.116605786899
0.145099777498
0.0477838161089
0.22824061674
0.250608886232
0.409539115801
0.143457859609
0.794419416157
0.147292068293
0.0330546673487
0.198502827953
0.181397048206
0.0463999126539
0.247518317625
0.329597200189
0.195205439334
0.102935689069
0.827134009895
0.133117019658
0.0390529963019
0.118758178896
0.147481581406
0.0519376663223
0.316203607968
0.120079468628
0.547601153325
0.178805219383
0.704244807852
0.0900641894209
0.0555666054487
0.106564080702
0.118643556155
0.0334189407918
0.115160065384
0.371712126905
0.580110439708
0.0638195111085
0.685725144371
0.140674683509
0.0185928960295
0.146219385135
0.223683171214
0.0738763566686
0.355334196382
0.135766553591
0.229210555545
0.110674403021
0.832773499482
0.138548307394
0.0162474835029
0.111204185194
0.202153840848
0.0574312213362
0.515048681403
0.133478126989
0.269492772758
0.283319324961
0.698585531897
0.144843110027
0.0323930978654
0.280107649407
0.191386780898
0.0615355785687
0.283673047581
0.110146131603
0.291939692184
0.0784616270884
0.821649413723
0.183261916378
0.0121181879014
0.197379098281
0.223933064816
0.0627128539494
0.445130019138
0.0776344578014
0.212754189867
0.0794431645204
0.785803656679
0.0484641514602
0.0662661648188
0.0106931410236
0.0324244399248
0.233905557832
0.160931006996
0.0892719307594
0.179629385842
0.890526138978
0.279661825735
0.0548577443367
0.0347367927619
0.121759526533
0.113951860704
0.051828149387
0.108137722253
0.684483593039
0.268937138039
0.0980623335577
0.634927126207
0.141996879567
0.0401193212872
0.142115574634
0.151076221024
0.0502282409944
0.122228113343
0.125495482091
0.57472442929
0.0662575292005
0.753190899727
