20
10
0.10991576149
0.0596179381903
0.109785921883
0.108918204265
0.0430240341176
0.115071636011
0.205598564928
0.712253053496
0.082973891809
0.623615029642
0.163920099371
0.00967657173167
0.116191944521
0.233826088461
0.142488503522
0.314744204392
0.0672070842306
0.2685779906
0.113954279169
0.834181013081
0.146088606565
0.0228340591512
0.164822015503
0.197874578829
0.0607968084597
0.331344724511
0.195635432979
0.202963727602
0.123972875087
0.83874533056
0.128863349032
0.0278126682319
0.144167429805
0.191366190991
0.0648819268452
0.206139905633
0.136601408444
0.352346965744
0.102173626328
0.851624519252
0.177147209309
0.0110027293676
0.150293956905
0.233610695491
0.0636925512377
0.483991077453
0.0825996342554
0.222387060902
0.103666114355
0.765510355131
0.119053489428
0.0217939584457
0.113632533826
0.157150099123
0.0616536362608
0.238854340515
0.119381691205
0.322156792828
0.284274895277
0.829482376751
0.13095277843
0.0199828144417
0.321096431361
0.203455495927
0.0553826464914
0.365493386738
0.0865548278345
0.171197160733
0.0654880756775
0.81253520077
0.167638662231
0.021110376414
0.21258682229
0.203722706381
0.0607657857425
0.351415142796
0.0917025463836
0.297064762767
0.0794724254386
0.809072155514
0.132874583523
0.0259521083667
0.110700968248
0.152428302874
0.059043534835
0.182445039333
0.110858298767
0.535505870267
0.11355709533
0.772954136063
0.140404637467
0.0428885513131
0.313087669189
0.177430954428
0.0556084480369
0.22464415694
0.149972392655
0.241988109387
0.0751873699611
0.841831976567
0.283144881275
0.0234412638591
0.136190320297
0.158995266272
0.0661303413619
0.278332642167
0.132160787698
0.383078285911
0.110228910298
0.78564880447
0.134398196758
0.0427640900685
0.141881565484
0.130074472859
0.0384849999805
0.129169352831
0.321818624973
0.470651751884
0.0736210773382
0.770968502146
0.0792213654987
0.0310850650614
0.119984282294
0.140738399866
0.0455244471352
0.144724859454
0.623441666301
0.350692094423
0.100319021622
0.643279135432
0.140417379001
0.0460323932369
0.31895696101
0.161001150791
0.0515738880447
0.172240304582
0.137891073994
0.431428232966
0.0826298068033
0.778595224108
0.0951551045761
0.0344685243962
0.557571090894
0.148710059759
0.0330179216682
0.197977852042
0.0675584409402
0.172820462829
0.0303534782446
0.762311892612
0.0481622859001
0.0419318956536
0.0410092502233
0.0942142035581
0.226023944812
0.18823100875
0.143817086472
0.30595665284
0.762605941152
0.450539288015
0.118872668695
0.0275187113823
0.124253748449
0.15260963025
0.0657983676417
0.427798025064
0.205551490448
0.222107942938
0.403863657777
0.710178521827
0.133778472567
0.035951974074
0.193072142807
0.17278519517
0.0465404566539
0.181129820375
0.361551469907
0.244931353993
0.109006860926
0.822260204932
0.115289821709
0.0361547395228
0.112150699354
0.167962477412
0.0504284179396
0.308891544403
0.302833582244
0.424080101904
0.186395241822
0.735091565424
0.147567133305
0.0194716639922
0.108835873873
0.201760703921
0.0632423796785
0.373101603117
0.0865932312997
0.425617360396
0.130613703152
0.759196481101
