20
10
0.130878498201
0.0351988985346
0.345115540156
0.189581253857
0.0526960773837
0.281690041765
0.108152256336
0.1910735511
0.0632518902925
0.832017486639
0.195809186674
0.0150691914811
0.132863758399
0.215512482614
0.0775115026691
0.381415222836
0.0800305852885
0.307630227588
0.101660937079
0.796537174607
0.134266802859
0.0395013121513
0.138919146248
0.152487629731
0.041062495787
0.159831124406
0.301436810754
0.452741685893
0.0856921309606
0.779388620877
0.146351819165
0.0320811792527
0.170599702018
0.155652237519
0.0527398784579
0.211500237997
0.137500385596
0.389931829965
0.147731404479
0.826999676064
0.120625132074
0.0200522717769
0.110086683092
0.192999491562
0.0603321083294
0.344877355164
0.207737047231
0.240063120081
0.176783952261
0.825264624699
0.147478500695
0.0373113181667
0.209282099068
0.171939758522
0.0479730074331
0.204720424029
0.317574997512
0.223776597287
0.109778832542
0.834447470935
0.172454452677
0.0278088339748
0.237079477273
0.196208471027
0.058978799611
0.303442244527
0.123918555244
0.280702064621
0.0880117469277
0.823000892027
0.121860592186
0.0204562845009
0.108135689485
0.206309443078
0.0552494316563
0.372358757301
0.0791915817779
0.464662727659
0.142015088733
0.739202297404
0.095977437406
0.036804173058
0.545940127809
0.143120701371
0.0347826973581
0.209114112365
0.0715967874087
0.168642455519
0.0380357147356
0.768731412555
0.155251862722
0.0148516627195
0.23697191872
0.220099336464
0.0623937292269
0.423133428661
0.089924894532
0.183673798341
0.0735243533462
0.80057080997
0.121126963067
0.0256077558853
0.105934611183
0.142129508849
0.0572228182516
0.17295216934
0.1063610048
0.545511694398
0.104880739164
0.77470447088
0.17311736348
0.00357255049284
0.122424209649
0.245755344656
0.0658172114624
0.525931360147
0.0764004765877
0.228683789271
0.124485506561
0.734893589751
0.0748697516609
0.0375150192579
0.151164504
0.136007775641
0.0385793343635
0.123466600587
0.538261866054
0.343983505975
0.110075364743
0.717453050769
0.133544978106
0.0199673157326
0.127779330352
0.124016199125
0.0592700073072
0.293723657575
0.13004070648
0.263235739229
0.413027279388
0.776838320477
0.00949808082561
0.0530851479316
0.00949808082561
0.0
0.21374550144
0.175753178138
0.152411486337
0.224206298852
0.908067153692
0.149470865901
0.127294802528
0.0521804803159
0.343010919912
0.159819770463
0.0487016250851
0.168823017198
0.179444849216
0.35850860353
0.0740225923368
0.800495536653
0.266540266278
0.0264006046632
0.158365077194
0.182752138855
0.0645760248166
0.270745904618
0.108405127772
0.463058003267
0.080408205508
0.748109737349
0.123689295088
0.0545401697831
0.102036967257
0.10870562827
0.0307703224101
0.123775075811
0.210174978779
0.716008488266
0.0791287859661
0.616545008884
0.13269686262
0.0191144964954
0.131538137341
0.212093029484
0.113589174289
0.225125810441
0.0960387967283
0.297426058995
0.105594837983
0.864476912385
0.0800844109949
0.0685372464371
0.118990312787
0.12760698027
0.0518495504103
0.345877727857
0.262747210633
0.462178866958
0.276492171653
0.690676332132
