20
10
0.30703833794
0.0179235108549
0.128935181683
0.174801737879
0.0642058398636
0.345347338746
0.120661551803
0.310578890365
0.127997127198
0.779382692973
0.136167317466
0.0365607570872
0.101272645614
0.173422754912
0.058919478405
0.360133801012
0.167943285305
0.543060323678
0.159862545993
0.676717678662
0.128909762076
0.0501906107014
0.312689114201
0.169447743305
0.0489722524331
0.166586234882
0.143299451377
0.368964396724
0.0733308793119
0.813744446465
0.0916207102685
0.0445856739246
0.102489481848
0.11851125233
0.0360486058827
0.124398739158
0.143887310893
0.687595226854
0.0896015932442
0.668412301115
0.124053574452
0.0385369539041
0.203255177029
0.179903173903
0.0449661132551
0.189470252436
0.349469695577
0.227847719154
0.121407321715
0.826282928521
0.149187040535
0.0153969347389
0.123213704709
0.227679158045
0.129003752218
0.25317367854
0.0749261496139
0.282770887887
0.104277833993
0.856329782336
0.118148869524
0.0360600903513
0.159130428129
0.132546777512
0.0367847849694
0.137037060041
0.318322798862
0.494082738782
0.0719873072041
0.755703491763
0.143597800186
0.0208467723661
0.151481855885
0.205002574291
0.0588374526782
0.37120930341
0.169926675295
0.197799408138
0.133582394888
0.828776294243
0.147567361908
0.0302306023474
0.125101349238
0.15315586754
0.0606830016401
0.185050320946
0.0994658527153
0.497794246764
0.100242734803
0.795321127104
0.148804854113
0.031509210328
0.127281587065
0.182248655235
0.056889982868
0.236587338355
0.21138859175
0.337052188719
0.107358340477
0.835717621918
0.0823058436906
0.0337373519028
0.610126134735
0.135893043659
0.0341732537673
0.181385651273
0.0592140386445
0.144506581978
0.0263568752984
0.736352506844
0.089721772325
0.0541680329831
0.085223688002
0.116773743715
0.0896820679836
0.265735493684
0.159355138776
0.361280344954
0.589337678468
0.62146759406
0.152893847121
0.033117415785
0.268107835475
0.194977789178
0.0597177250281
0.269068116644
0.123992179332
0.234395605944
0.0742886571656
0.844884924287
0.152487345136
0.0188387855444
0.273876441525
0.217019162481
0.0591057965572
0.404294899476
0.0793015239066
0.199051399807
0.0692118212176
0.797896458848
0.152012424071
0.0189117881166
0.158053912681
0.203835207565
0.0642215102389
0.343445228852
0.0837958570147
0.374126764722
0.102216724179
0.794030772708
0.106165685471
0.0372855500383
0.111559463229
0.131380636282
0.0332036175569
0.184953604645
0.602970945117
0.370303223275
0.105624891766
0.640676890396
0.146475700595
0.0355499797989
0.101960353665
0.185512470861
0.0523103566517
0.607268004059
0.192107384809
0.199306554702
0.288868405652
0.633155722955
0.167737978299
0.00883402664045
0.130690858294
0.242274201393
0.0731557857422
0.467170206308
0.0797858160695
0.244265442694
0.11160991053
0.770662776958
0.10893779871
0.0352523191983
0.424121014262
0.179945416889
0.0470167039847
0.267186775221
0.0909797296062
0.184861876462
0.055570035381
0.809624755982
0.114570190801
0.0265429645106
0.116898921444
0.154438357078
0.0685751319474
0.266441246656
0.145582528833
0.357387493664
0.290316885036
0.799846925815
