20
10
0.132171506836
0.0197051250916
0.110772895055
0.16653995853
0.0623474257037
0.369906198573
0.116839165178
0.482201555041
0.217408108893
0.712728837293
0.130174271302
0.0246934861645
0.358543088146
0.194215729932
0.0544426628415
0.332295421128
0.087806290743
0.17075512515
0.0609084714643
0.813763261168
0.149127346505
0.0385030295198
0.174724217896
0.145618075433
0.0458043995518
0.141211349783
0.141087015398
0.52870911745
0.0811806378458
0.772319567248
0.0991384644182
0.0520941854421
0.107563149149
0.0994764914415
0.0355501439033
0.141508206716
0.416013931929
0.553284172159
0.103030516885
0.67446105735
0.123536642378
0.0357308781896
0.260766858179
0.160505043479
0.0557937582798
0.150401399163
0.361830468946
0.222026218092
0.0884600788816
0.822146665359
0.156795920062
0.0273064712704
0.147075459553
0.15060662584
0.0613281822191
0.218766223331
0.145592546347
0.27141415885
0.296525764324
0.834233587816
0.127354212446
0.023017652518
0.146944770989
0.19677627091
0.0537808673524
0.325460117827
0.245196069993
0.238784961396
0.130513597688
0.824589343874
0.130020942008
0.0456030770967
0.327656634393
0.176021671903
0.0499631756493
0.184828152849
0.145741410585
0.278902643936
0.0710106428518
0.837821517388
0.128601953729
0.0155248621583
0.136042367981
0.23141254792
0.131438550794
0.238274157458
0.0808852115433
0.278300310563
0.111112897928
0.860680544565
0.0894915088859
0.0533624314168
0.0979142269869
0.140618733672
0.0463368582371
0.20917880269
0.602395430969
0.266795180572
0.132086879893
0.679980259456
0.0899566752759
0.0499799540589
0.105662921617
0.111717350793
0.0387970920026
0.144677264894
0.154793048983
0.704245298399
0.10071646974
0.642854198369
0.186909405301
0.0164279394851
0.123580349165
0.214169387712
0.0732222237694
0.374907207532
0.0849308009205
0.344199560729
0.0997637642582
0.788731939355
0.18030517039
0.0119393740368
0.124598971559
0.238226950649
0.0582026810977
0.491778723486
0.0856723363917
0.2166899211
0.108178279218
0.764094128341
0.146883826933
0.026594259814
0.126545118755
0.166428036257
0.0605300294493
0.220301046927
0.121874446172
0.414064572211
0.119989995656
0.82529330726
0.108082174757
0.0409123133727
0.544401404179
0.144058155334
0.0338093017235
0.194423588746
0.0804045737315
0.17809619936
0.0381874608277
0.7687221543
0.0942526000634
0.0194714359888
0.0972864906832
0.146244157969
0.069642671331
0.520563338022
0.162133859346
0.236505614085
0.383346035962
0.674442382907
0.175477695314
0.0289085720965
0.236783791159
0.187223993269
0.0542620201773
0.303242693311
0.116154793002
0.296161935364
0.0865336304563
0.82076798824
0.133548740098
0.0375307078587
0.131678992899
0.158488001222
0.0390533432683
0.188762752271
0.303424119125
0.379785919512
0.101782573588
0.808998518543
0.0221849687165
0.0319594833202
0.0203078246221
0.0555283687751
0.144653012747
0.284678412322
0.14665243401
0.236718993018
0.87576706967
0.220257894739
0.161932253647
0.0158580789125
0.231892604195
0.220608550886
0.0658450356527
0.413053513117
0.0828660105673
0.199278899031
0.0787868076048
0.802090496254
