20
10
0.19194564489
0.0177433621394
0.138743336915
0.190925030331
0.0787933245832
0.367775078576
0.0894694731511
0.339487719117
0.098047835167
0.795489150966
0.100573660775
0.0493833993502
0.162827586811
0.168068421121
0.0440040237005
0.109815137542
0.291892315606
0.50275448403
0.0607328167369
0.759630839774
0.136315243771
0.0437654771722
0.331467604105
0.146732556243
0.0436620396071
0.146107150626
0.169282410654
0.331678648098
0.0497908588114
0.826862418267
0.134643748443
0.0226106120219
0.10830319759
0.160845687956
0.0452207433543
0.264496664506
0.299609842659
0.344408898049
0.127725798473
0.804399201674
0.0907867648953
0.0257934952073
0.116832145559
0.149084109553
0.0621841357062
0.204436277025
0.13112258862
0.425341042491
0.220332885591
0.81418724058
0.162439456384
0.0319906000213
0.248703047742
0.175908586526
0.0623641761411
0.25921107032
0.122419109756
0.340217531663
0.106918794438
0.816423470032
0.194437547266
0.0109419326515
0.141782111814
0.242377851439
0.0678083415226
0.47527810207
0.0792347795285
0.225010040739
0.110554027234
0.763942417384
0.149172874145
0.0166790732716
0.193380914539
0.212196817177
0.0690831028941
0.344219043846
0.125380218591
0.214143518513
0.0909645079118
0.83781512407
0.149068014315
0.0273521737533
0.122051952261
0.142411277694
0.0482298879487
0.190702259156
0.119084262039
0.543687574934
0.101813302242
0.763555022103
0.114157420677
0.0302858725882
0.190442729607
0.174997310743
0.0666976256553
0.218837980849
0.227044280118
0.178756217174
0.154891717966
0.871392785982
0.0720668673366
0.0443368746656
0.561762585376
0.161051657025
0.0309519447182
0.18326241544
0.0511320963247
0.159509078718
0.0217450091217
0.766975978068
0.127418188051
0.0225901625342
0.108037483719
0.237639722474
0.0710125770274
0.240798788566
0.113284854682
0.331289522115
0.114730648752
0.846364805582
0.129488101788
0.0404361651547
0.270581651243
0.194332812844
0.0582104070046
0.185652962765
0.365520041466
0.252364694556
0.0701762241984
0.794068674375
0.0532710748544
0.0359417183961
0.0861001620967
0.0671022659018
0.0168129216503
0.137177354184
0.235772379071
0.753475115782
0.053149168315
0.581993070145
0.123496857229
0.046275089468
0.0519935588992
0.17545859394
0.0526419132738
0.320784936098
0.290759218453
0.356536938945
0.478342219045
0.634801667662
0.127206099176
0.0290792419672
0.357325237256
0.20338157894
0.0414817125185
0.299444920094
0.100708990751
0.20286071859
0.0596188630089
0.817123271454
0.111416899444
0.0328671795367
0.0939014880176
0.190237220906
0.0706201752079
0.393834503044
0.1328451777
0.503973838743
0.171993667579
0.692954699357
0.120773043628
0.0158397733732
0.316792758926
0.196464982935
0.0549490244333
0.454995937795
0.0684454192791
0.174208534621
0.0554123827722
0.773344820936
0.0965664276438
0.0368125615257
0.0481966381848
0.142852444769
0.0630005088984
0.216509651283
0.620113468457
0.330923339873
0.106951506481
0.640511463492
0.133342343192
0.0199252137863
0.11122704923
0.183051964251
0.0582355064431
0.404787492041
0.0877252034001
0.246644580042
0.275706880136
0.790035122901
