20
10
0.139501500818
0.0193520826648
0.122792502628
0.210210198962
0.113223399782
0.220299765216
0.0808416423989
0.312547749905
0.107544804718
0.862414995675
0.142012058296
0.0316473713601
0.212649304218
0.200305890284
0.0540597350849
0.254491571371
0.220856887034
0.212241732333
0.0922426824479
0.850568867348
0.12622787573
0.02879256094
0.120402640535
0.160764862295
0.051424124315
0.341898217589
0.317051936268
0.301967865842
0.203033537977
0.76839274036
0.147964536435
0.0193699308037
0.266435691657
0.212394777108
0.0595723882083
0.394666823406
0.0870563770572
0.193080656892
0.0740646662277
0.8074506078
0.0843839996608
0.0343747847256
0.601156168996
0.141888583061
0.0334416627748
0.180869743865
0.0629821012562
0.155905660723
0.0318174717498
0.739634182934
0.095721813836
0.0456249489142
0.115797107306
0.10337799952
0.0359835477294
0.130596745075
0.148875622793
0.705567706875
0.0764713519221
0.648437957175
0.297428674087
0.0223499205911
0.1253507716
0.167222063304
0.0740116056703
0.283544969564
0.106121185187
0.395533810542
0.114953652659
0.774959430847
0.122417148912
0.0344640119848
0.379232336797
0.18246563781
0.0510722267924
0.269390655436
0.0967753193687
0.193494929135
0.0607024552589
0.825254605305
0.152572641052
0.030258360212
0.23791580841
0.191293879442
0.0587624852995
0.284326715807
0.103856138331
0.333675490121
0.0855733815374
0.817842158263
0.122570980607
0.0329910496656
0.128897539433
0.175837300631
0.0538535106929
0.199146088243
0.206349484091
0.388111621662
0.10823948376
0.829981157627
0.130511675528
0.0291074955826
0.127977183501
0.159960852354
0.0583368527915
0.179024233961
0.0941846412969
0.518402762601
0.109105928375
0.784337097933
0.0945530031999
0.04206120115
0.08199604987
0.136366070549
0.106499175719
0.319507156598
0.151950725714
0.347293253012
0.569176671337
0.618773722922
0.138657934527
0.0209442881174
0.115651715099
0.185787455878
0.0580591249629
0.374746101278
0.0999823999595
0.448401647637
0.171164044729
0.740459226084
0.130976481243
0.0213416216875
0.139734703935
0.167184675784
0.0719180047459
0.290513535126
0.120586176308
0.24277107405
0.277598396924
0.833548552551
0.122231968168
0.0500110581335
0.335712791454
0.147094969293
0.0458416833351
0.139196824963
0.19779772287
0.364105837048
0.0790146399381
0.805481658764
0.171427021348
0.0141464917456
0.13580866409
0.223284624131
0.0758176384352
0.383798975626
0.0927892450034
0.272904966892
0.0948371263754
0.810544029055
0.0952195139028
0.0408510509148
0.101956918462
0.106364476007
0.0486787270714
0.158876409365
0.66598478212
0.382052460613
0.122568256116
0.579156022871
0.180276428058
0.0104839278285
0.131915117959
0.231980968606
0.0630225633878
0.51609672606
0.09674273502
0.20578527618
0.135158109756
0.745567973529
0.123985600681
0.0397153451897
0.155717280825
0.148127123875
0.0445560592923
0.155369833871
0.435828893118
0.28189358686
0.103359843665
0.794129487198
0.132106909307
0.0425990920753
0.123504652519
0.126651438586
0.0456840551577
0.142145746054
0.319374171298
0.537729405621
0.101547081922
0.725039354072
