20
10
0.120925175615
0.0251302495011
0.112389999775
0.174217870254
0.0554728322924
0.374398607383
0.134160953531
0.475512879103
0.179951628118
0.722507019798
0.128742303413
0.0220519736133
0.123275566906
0.15072113858
0.0701963972966
0.289908482208
0.132565273706
0.281828273679
0.310899349039
0.813874565053
0.130750358069
0.0432435408396
0.276221355856
0.157025951429
0.0391371555136
0.167721662665
0.341124875195
0.246526152595
0.0749556001597
0.817102817113
0.18753273246
0.0114836468336
0.122219874099
0.236097263094
0.0647685572977
0.50183108496
0.0842542879028
0.231928159622
0.128375284179
0.748746226138
0.126466930883
0.0445442769724
0.108266211331
0.116386430119
0.0398365243425
0.160829492916
0.37524094015
0.521605879196
0.0889754098704
0.713096343245
0.283091581739
0.0264617381781
0.167533945995
0.168489962929
0.0629682354194
0.294394740346
0.124473596897
0.373871658054
0.0987342617952
0.779132230629
0.143091170226
0.0257120248426
0.113941777077
0.143304162862
0.0520505979375
0.174209510493
0.125699292031
0.524238173288
0.108702635416
0.780925439167
0.157675630324
0.0197511016915
0.144782083238
0.211431840105
0.0844682105415
0.276818486663
0.121223001823
0.21643340162
0.104131988192
0.867719861086
0.129065659466
0.0267290325574
0.157210925379
0.199545652563
0.0578446113073
0.345378324553
0.281735166449
0.196604142802
0.148993493033
0.809465707596
0.0970571364624
0.029727938121
0.566506764422
0.1404419313
0.0315434653911
0.192552742997
0.0676508166369
0.176124810246
0.0283535359188
0.758004127913
0.141080124021
0.0395020537525
0.289061344619
0.184010418995
0.0559443917806
0.24659250993
0.126330825073
0.266516827994
0.0815532335497
0.838773165587
0.0825464017738
0.0505670598503
0.0926112646161
0.121255133209
0.081420115367
0.404722623606
0.240665443709
0.263578371323
0.570526750948
0.586536943366
0.128762088413
0.0221651539488
0.132269393543
0.195189673337
0.0788084883891
0.228673976004
0.0940342477954
0.38375143695
0.114582297248
0.836418290323
0.15846471228
0.0162960634999
0.14603919234
0.215614343059
0.075797738006
0.371056065849
0.0890609216814
0.314418289155
0.100592225285
0.804032945495
0.118458914386
0.0254586804553
0.366326863117
0.192438089913
0.0511389329732
0.33500360865
0.0997254371161
0.16564980248
0.0631539231814
0.811095250846
0.16299834196
0.0161311773723
0.237070585269
0.221506449526
0.0650453334782
0.408758079383
0.0892854512799
0.203775101165
0.0740856319124
0.801002389924
0.0888597778972
0.0270613561344
0.123924290842
0.141041253203
0.047524816252
0.163708428959
0.615343323143
0.316657760172
0.116736476801
0.65917808869
0.0983755538091
0.0496545228933
0.111218087324
0.115559294622
0.0492428779334
0.128827331567
0.178831050705
0.703776689671
0.0879908183474
0.638817160953
0.132991690646
0.0440775692035
0.299634129534
0.157698398334
0.0494608507538
0.154926411142
0.162596410829
0.444006963348
0.082136237161
0.780350097903
0.134688173398
0.035062037934
0.124827326126
0.179582840289
0.0465755696542
0.192616984824
0.268964596323
0.355176721502
0.120256287497
0.824968649576
