20
10
0.13795296326
0.0263600117819
0.120893783309
0.186860165546
0.0588342328911
0.404438827894
0.140420393099
0.469482186542
0.167306235539
0.70397946149
0.138637880479
0.0266858792821
0.154349479108
0.192197192688
0.0566064434586
0.325813906734
0.26032840805
0.207638215186
0.155569436186
0.821497735958
0.0946060362731
0.0467777265652
0.114696822227
0.106642777004
0.0391354050268
0.134204638562
0.170425327591
0.722591420491
0.0878973287971
0.621193963817
0.291573791589
0.0248914624251
0.130165151072
0.157296500246
0.0664451321867
0.268706997998
0.139852266674
0.421233219264
0.108338973218
0.766373383297
0.101059501902
0.0364658339435
0.546638664859
0.145495961258
0.0340148838426
0.186975177484
0.0743968841825
0.183416617305
0.0393902117572
0.769174522061
0.121734669712
0.0358459606673
0.167543072946
0.156629528225
0.04357211611
0.164258287401
0.431465175018
0.262404880396
0.110545477467
0.796978112316
0.0999013777438
0.0316517440088
0.10151409843
0.131808536712
0.085833494843
0.37762397934
0.182955550596
0.296984327964
0.480549295128
0.677327078366
0.174427751537
0.011114203349
0.173125514926
0.23117955489
0.0638340678835
0.483077892765
0.0851829839491
0.197824998536
0.103735728983
0.769053959414
0.14302653198
0.0170119988846
0.123109935501
0.212801213142
0.114353393985
0.237230985799
0.0805946705457
0.335077545783
0.101708479482
0.848729211094
0.121761969133
0.0285924910196
0.117981781858
0.152338710495
0.0551165920627
0.178974011125
0.112262461063
0.521435649289
0.11278608082
0.78418204318
0.157922972548
0.0318686677481
0.257590103811
0.186601152489
0.0594247049675
0.299201475694
0.102377966959
0.319502163738
0.0851449869518
0.812407965798
0.136634778264
0.0324908829548
0.136682812848
0.177368899935
0.049044602054
0.205569289236
0.23701274174
0.36476075221
0.099544691063
0.828453175874
0.130170652202
0.0431810114557
0.292795558906
0.157436792084
0.0451202417706
0.141570044478
0.156031909783
0.440787492797
0.0746102385939
0.790184311821
0.1315120885
0.0215308265859
0.341994937002
0.199107422823
0.0548142009368
0.352684466279
0.0864001115364
0.173539912831
0.0633259001181
0.810342218882
0.107783497426
0.0496073982955
0.106312394241
0.117135396861
0.0399819617349
0.153614084452
0.368638652706
0.54160569048
0.0990185049385
0.7047461306
0.18163465353
0.0131696356378
0.125419290635
0.220777250058
0.0715659434969
0.388641409498
0.0841645916968
0.316717920211
0.0997513728619
0.79300361627
0.0813328013662
0.0395952803046
0.11698717813
0.112863526874
0.0455084464521
0.142838906323
0.674553894041
0.297320683357
0.096914234892
0.62458316352
0.154683719362
0.0195071176716
0.184180613762
0.217381831503
0.0701409759378
0.340409319796
0.109210460206
0.210636816731
0.0895988559108
0.842255335691
0.126268754235
0.0221218010043
0.117921875888
0.161871526541
0.0656017708977
0.255006058711
0.118394293208
0.31755505788
0.262039319792
0.831025966391
0.133610133759
0.0436317930222
0.306362419087
0.180749877117
0.0525005597069
0.200596527484
0.185556418687
0.221835417842
0.0847352266726
0.848468430477
