20
10
0.129127167052
0.025485054796
0.11367920443
0.177723005979
0.05655752103
0.380033758848
0.132980121366
0.482243216358
0.17522999582
0.713859974681
0.130617720918
0.0399863419569
0.253928725111
0.175049904407
0.0476226116547
0.17775217454
0.306822262006
0.226037218981
0.0897865635986
0.836097922761
0.126569584591
0.0476326784323
0.317101167329
0.153448032849
0.0469613929439
0.152549869093
0.155564148001
0.40943055595
0.0824972139044
0.795924374245
0.0875229197299
0.0370519064831
0.585771519908
0.143114671689
0.0349339833588
0.176591093203
0.0722395846311
0.165800037209
0.0304383702919
0.749211125288
0.155800361495
0.0167456076335
0.247793619132
0.217317104741
0.0606819199015
0.406922009725
0.0873268949357
0.192000632972
0.0746437905235
0.804666196495
0.11250379897
0.0443465733628
0.116664890063
0.115667969701
0.038912957463
0.135636036137
0.379518418083
0.541670509916
0.0900772873355
0.702082658689
0.0814250095562
0.0449428829591
0.066556455896
0.118954280565
0.12651231037
0.35282646264
0.183878879469
0.309510531381
0.629078573543
0.554012889695
0.128464430373
0.0220554161183
0.126077017705
0.190031362201
0.0768919035168
0.229325403959
0.0959730796605
0.393388006961
0.111723428449
0.834298225759
0.170369480606
0.0140170516706
0.139546157924
0.222674448661
0.0749066616198
0.381771338015
0.0852313776059
0.308928580731
0.0962237343389
0.798999434797
0.148261837126
0.016595495985
0.124507381145
0.212650340425
0.109102788048
0.2635333729
0.0955454833984
0.226312117053
0.125289608577
0.871564056849
0.122892167709
0.0307713473576
0.383584704138
0.18311737525
0.0493127558777
0.290844043136
0.0970488446433
0.182643739896
0.0600416666547
0.818460273872
0.124617439752
0.0233803638452
0.122108342022
0.153640465829
0.0678051360446
0.286299915497
0.143861384783
0.296315408957
0.321676998229
0.804280935663
0.14143161283
0.0242757661901
0.151307378732
0.194452811235
0.05337281897
0.343704423479
0.258685866806
0.216653512448
0.138235500039
0.815324722596
0.103683415865
0.0406847933471
0.127239896809
0.134102094147
0.0447694828677
0.162992883223
0.592972428362
0.285400210652
0.120675109202
0.690809730877
0.131374726575
0.0308963193058
0.121630955661
0.147708780994
0.0533393938371
0.163585535565
0.122577579606
0.540288668633
0.1033320023
0.773274980688
0.292616656875
0.0232525022894
0.136979446313
0.16058986997
0.07031040273
0.289424477386
0.110972903122
0.38838271543
0.113415771721
0.777530064511
0.150217244107
0.0340004372857
0.253894634951
0.193152294771
0.060031417422
0.273379613815
0.120293824787
0.28187934129
0.0806274749609
0.834110852244
0.0971835411779
0.0471573890928
0.109157528854
0.109884386224
0.038742883783
0.125357578255
0.156659464348
0.720623963509
0.0788373939115
0.630134622787
0.180089500538
0.0107560403469
0.124225076494
0.233428255983
0.0660758029192
0.513826979684
0.0874267881514
0.214880027223
0.13781106391
0.745881038482
0.134905731485
0.0331433096034
0.120932053641
0.164009164812
0.0489040280405
0.192887648327
0.276480194588
0.374863439177
0.115195810916
0.818136404997
