20
10
0.118235848696
0.0231306655507
0.107836032952
0.150266231883
0.0733988942275
0.225122796948
0.119179354167
0.392747131443
0.287740326332
0.802471501957
0.181450620522
0.00963301492191
0.13505447326
0.237707138139
0.069422115787
0.481181678071
0.0812028769327
0.228107190766
0.105639548895
0.765569548508
0.152838967434
0.0175508752621
0.282488614687
0.209742944069
0.058245312095
0.393705085944
0.079737610578
0.1899016706
0.0687390830407
0.804362041088
0.156105639944
0.0114273503939
0.120313474041
0.228762000255
0.153381529302
0.28664182504
0.0663664562462
0.254822038827
0.121283539065
0.847912233558
0.147346889992
0.0240749908133
0.16744611912
0.205668656572
0.054835991397
0.33319034681
0.185585966032
0.206420803826
0.11302343359
0.838762601087
0.134290920872
0.0349397172548
0.213381220971
0.170325530121
0.0466460082919
0.179069129029
0.344068494425
0.225670019995
0.102221038242
0.831986780276
0.133466173502
0.0287864826665
0.148639950874
0.183785844222
0.065703177738
0.191701190804
0.132241889893
0.344673503007
0.0917380065642
0.860068131213
0.125686835187
0.0472391917928
0.321523859899
0.15385455447
0.0465888357231
0.15184058812
0.169490783471
0.411573331953
0.0809671897209
0.790582670517
0.0989896257113
0.0424107364315
0.11808404855
0.130135754509
0.0440170070016
0.164052897632
0.61156777392
0.306048961269
0.115038232322
0.669146824321
0.11458620779
0.0425277162828
0.118751487181
0.122407775321
0.0382966548354
0.124558588157
0.35391392029
0.524870832301
0.0880467937955
0.72835269481
0.132990046838
0.0213441211474
0.115696726855
0.165265868919
0.0679732136195
0.397702989076
0.157423604387
0.219243847105
0.351770177172
0.762744516435
0.0915357187652
0.0358169927592
0.547864168294
0.149788295041
0.0373568353565
0.202727860462
0.0812210306382
0.166272145972
0.0355984040326
0.767946630776
0.137133302193
0.0260384960487
0.105023230495
0.176610494196
0.0587649670557
0.40259984211
0.135190939708
0.489174843858
0.171310573919
0.697021824301
0.134006401041
0.0326705286345
0.122295116266
0.167859489365
0.0491065271917
0.262780000398
0.288662825896
0.361933298632
0.14873146044
0.793683974102
0.100016411918
0.0393008967441
0.112363192612
0.108802426576
0.0411027857108
0.12628686949
0.15441029737
0.714501579965
0.079538098139
0.636921920347
0.135348154045
0.0366662868622
0.317851960182
0.186252851286
0.0548228761299
0.257847165407
0.122021980841
0.236002761217
0.0748914014015
0.836020555866
0.0702473328959
0.0695386691768
0.0500955743116
0.104065764394
0.168918382139
0.282865087393
0.159240245415
0.315741351102
0.749835417014
0.425489305589
0.146965312137
0.018200254329
0.158293775836
0.208738264774
0.064520677319
0.349890580106
0.0922916924973
0.341450417793
0.099532459431
0.804886435764
0.290082477923
0.0198048550528
0.141028605487
0.16836305946
0.071439418553
0.307605510776
0.0989244511445
0.361555372847
0.112062242785
0.783858223566
0.142581432798
0.0280737815796
0.11971195638
0.159816197141
0.0556765921082
0.189205134434
0.111389868453
0.518848665186
0.0939722639624
0.780813253013
