20
10
0.132754946862
0.0369763887076
0.177194725749
0.178182602967
0.0437653396439
0.182935051617
0.324598207574
0.232178113868
0.0982400832058
0.844724472829
0.157238301988
0.0359516303737
0.26768441458
0.191067246545
0.0632001645455
0.24961827703
0.122133735557
0.25392631074
0.0766629291144
0.845130751882
0.102758931783
0.0463435084859
0.0826610638358
0.108160941597
0.0305278648151
0.119828232969
0.145902557057
0.728781908524
0.0750097975426
0.628834945257
0.115712653487
0.0339819706294
0.397783116456
0.180414532411
0.0482409814404
0.309333232534
0.0978947261117
0.167158882089
0.0710750541815
0.808754364825
0.161402594183
0.0200611451855
0.260954264641
0.216932182439
0.0571937321729
0.409013637097
0.0775559770211
0.207082470317
0.0717808536461
0.796100624712
0.108403004347
0.0234347468418
0.106143237567
0.153121762087
0.0753848953496
0.228458416718
0.111089967856
0.332553323484
0.211988048014
0.852783198326
0.153126756171
0.0286890759439
0.155752893805
0.181273509504
0.0620303213075
0.212602929944
0.143650195215
0.388614600075
0.0884172497657
0.830715367424
0.0497617429214
0.0524303263857
0.0692526061292
0.143430729579
0.0389130687752
0.216834765584
0.662602179608
0.301561805946
0.182033001407
0.598128585555
0.0885159969774
0.0361764839151
0.593254877938
0.130747066047
0.0336891650431
0.178913633755
0.0596305843979
0.144770045775
0.0188983677934
0.750861948413
0.121891008805
0.0506301329133
0.382334868378
0.150107887117
0.0483361733563
0.147829063129
0.173564711926
0.355640991492
0.0584295566464
0.79350979046
0.186764879294
0.018097150295
0.139733350775
0.192162982088
0.0592690058842
0.365691512372
0.0954503200953
0.387235633679
0.110911322612
0.774424130338
0.110937067601
0.0469348682693
0.121114562249
0.117069898422
0.0462255178661
0.130922805035
0.345715614584
0.504584488892
0.0884941058984
0.74557521962
0.15908177622
0.0121003979296
0.12376116565
0.246650951526
0.110865094278
0.320473444292
0.074664715547
0.265237349425
0.104504447351
0.83459685023
0.147767299985
0.026194630891
0.121981210065
0.135774410789
0.0475943586931
0.302253420584
0.329564020285
0.374404933216
0.189624619167
0.752192271445
0.105165705619
0.0326238322573
0.0947340147719
0.16481044639
0.0497553872626
0.328216545288
0.126453404681
0.545507058944
0.226756570163
0.690326145347
0.13823761034
0.0288600925631
0.133875812583
0.136121737283
0.0541081884094
0.184051924681
0.123038794291
0.540284535694
0.0970829124745
0.768330511077
0.136469487658
0.0220961520139
0.169035862305
0.203866542568
0.0547517756499
0.359851365703
0.18629598296
0.234457823046
0.109955249682
0.822493504995
0.0
0.00431737094134
0.0
0.0
0.33075950072
0.120634451724
0.041597622217
0.216532868538
0.884324727161
0.213025288755
0.169889601096
0.0123676994506
0.134421198359
0.234699045254
0.0648711019698
0.50363915799
0.0791759750984
0.234533255276
0.13093654853
0.749367826306
0.134956904446
0.0203334077834
0.113742009546
0.148846878305
0.0800847485344
0.35983986011
0.170836510024
0.236586514539
0.410237936859
0.746276624199
