10
100
-0.108324
0.114072
0.00980197
-0.0508464
-0.0596921
-0.0764376
0.00872098
-0.00742907
-0.00758842
0.0744031
-0.0898463
-0.04568
-0.0797612
-0.0657435
0.14124
0.101669
-0.0595337
0.0155322
-0.0745247
-0.143935
0.0605398
-0.0409475
0.121651
0.176382
0.117682
-0.121845
-0.092203
-0.109762
-0.127482
0.0456038
-0.0614209
0.179701
0.00482033
-0.102439
0.0368223
-0.0932332
-0.0135063
0.104302
-0.00622141
0.00469104
-0.188207
-0.114146
-0.0146681
0.0102595
0.0439164
-0.0472532
0.025655
-0.00421734
0.0805865
0.118588
-0.15044
-0.0486831
0.0485268
-0.0333709
-0.015941
0.188501
0.0371927
0.076662
-0.0538107
-0.0120597
-0.212375
0.116995
0.0883821
-0.0891238
0.109617
-0.10225
-0.0668322
0.126623
0.27497
-0.00526266
0.042946
0.0547295
0.0966548
0.152055
-0.112512
-0.0922359
-0.00694086
0.11052
0.0240832
0.140964
0.0517116
0.0121045
0.04343
-0.0172219
0.0142125
-0.273477
-0.208765
0.00565564
0.0953287
-0.0874576
-0.0599423
-0.131433
-0.218186
-0.122645
-0.139198
-0.0149538
0.0322276
0.0452882
-0.0630993
-0.0780073
0.128189
0.0936321
-0.0683017
0.012741
-0.00991857
-0.0350345
0.113622
-0.0544694
0.0292616
0.0780493
-0.113305
-0.0187901
-0.13322
0.0276655
-0.0329738
0.0921259
0.0296489
0.0151808
-0.131744
-0.0741461
-0.139487
-0.0512937
0.0924243
0.109433
0.132428
-0.0225986
-0.0909121
0.00369598
-0.0825744
-0.114913
-0.0997908
0.24417
0.000521703
-0.156591
0.0145762
0.00176093
-0.0637226
0.142188
0.0216239
-0.0418608
-0.0701132
-0.0451291
0.0147081
-0.086656
0.0256795
-0.223831
0.0149871
0.00656846
0.179328
0.151037
-0.0695419
-0.0684726
0.0694702
-0.125545
0.054587
0.103187
0.0716403
-0.0367556
-0.182342
-0.079511
-0.186524
0.0428807
0.0658176
-0.137161
0.00463301
-0.143309
-0.101972
-0.00144876
0.226726
0.104258
-0.0248605
0.0221125
-0.035504
0.14865
-0.107894
-0.00634626
-0.0138225
0.0917628
0.0410327
0.145113
-0.0902564
0.0416572
0.126767
-0.0263716
-0.00945101
-0.114034
-0.159672
-0.209939
0.156582
-0.0928241
-0.0867919
-0.109127
-0.179809
-0.0607432
0.00838608
-0.0129414
0.0033321
0.0905947
-0.15331
-0.099842
0.205486
-0.0281633
-0.029898
0.143473
0.0188173
-0.0537592
0.0873078
-0.0408625
0.129161
0.0896327
-0.142557
0.0102012
-0.0816529
-0.0539902
0.0491678
0.115431
-0.0596557
0.0601937
-0.170853
-0.0637738
-0.0193476
-0.000374822
-0.0394493
0.000649458
-0.0900269
0.0324533
0.0143424
-0.0145224
-0.00738947
-0.077598
0.0668482
0.0813655
0.0429852
-0.145003
0.024507
-0.00468102
-0.0690452
0.109581
-0.0740205
0.0389249
0.0305025
-0.139897
0.0464393
-0.0925193
0.00767632
-0.257458
0.0503036
0.0242135
0.126404
0.143361
-0.0574688
-0.108422
-0.0287482
-0.047191
0.158877
0.102382
0.10729
-0.10305
-0.198517
-0.133337
-0.259539
0.0810246
0.0155273
-0.133364
0.010578
-0.00948777
-0.0619981
0.0466186
0.186897
0.0905262
-0.113909
-0.00565628
0.00652607
0.135379
-0.105414
0.135502
-0.00939883
-0.0480224
0.0394322
0.0960419
-0.234644
-0.0138575
0.0321626
-0.0993521
-0.0747477
-0.0273334
-0.110535
-0.239682
0.143759
-0.052502
-0.00511399
-0.0796808
-0.212476
-0.0148905
-0.0364922
-0.00434084
-0.00754994
0.0485067
-0.136074
-0.104135
0.109605
-0.0347938
-0.0841792
0.0491438
-0.167488
-0.0265696
0.0206973
0.117875
-0.00688062
-0.0396022
-0.134879
-0.0873175
-0.083426
0.0607246
-0.108839
0.171168
0.0128563
0.106393
-0.13795
-0.0279429
-0.0929227
-0.0499107
0.0325155
0.200506
0.149109
-0.00517039
-0.00139283
0.0800265
-0.0768064
-0.0166497
-0.129244
0.139666
-0.039773
-0.0716235
-0.0040909
0.0190033
-0.00714454
0.10069
0.0629074
-0.0259528
-0.102962
-0.0469744
0.0408223
-0.120184
0.0592025
-0.170457
0.0492484
0.0581216
0.286528
0.100586
-0.00642912
-0.0186278
-0.00759171
-0.0973228
0.0231071
0.0184705
0.113876
0.0242682
-0.171705
-0.0587516
0.0313025
0.0101255
0.0823377
-0.0350673
0.0556058
-0.182571
0.0054288
-0.0521309
0.14812
0.0955313
-0.0292364
0.118055
0.0735492
0.101307
-0.219828
-0.0288153
-0.103249
0.100434
0.156918
0.0323737
-0.0223257
0.0851121
0.0278741
-0.0595692
0.115981
-0.251328
-0.180782
-0.12293
0.104617
-0.0295685
-0.0273354
-0.143133
-0.152072
-0.0711946
0.0870482
0.141532
0.142674
-0.0313396
-0.0974095
-0.00384241
0.0684056
0.132906
0.0444208
-0.00728626
0.0725637
-0.0402684
0.106853
-0.0833176
0.0206868
0.0824628
0.013624
-0.00284932
-0.181102
0.0457026
-0.000806955
0.0678706
0.0999604
0.0368975
-0.0471967
-0.0296675
-0.150584
-0.0760435
0.157958
0.186247
0.133018
-0.069021
-0.114762
-0.0393679
-0.0973405
-0.10409
-0.105664
0.309638
-0.0860239
-0.19046
0.00944448
-0.0379358
0.00460198
0.151015
0.0788817
-0.0839675
-0.0778696
-0.033157
-0.00323582
-0.112784
0.0266196
-0.17779
-0.0383904
0.0220693
0.164349
0.106458
-0.0313678
-0.0313843
0.0818404
-0.121268
0.0336925
0.106175
0.0484186
-0.0396597
-0.165954
-0.0447036
-0.102596
0.0891935
0.103321
-0.10196
0.049926
-0.15123
-0.0534899
-0.0261264
0.201302
0.0880554
0.0537183
0.0430511
-0.0168646
0.171741
-0.0714443
-0.0393228
-0.10391
0.105045
-0.00937284
0.108392
-0.0425737
0.111442
0.138173
-0.00773672
0.0379362
-0.0962442
-0.144581
-0.145299
0.15165
-0.0590293
-0.149779
-0.0619205
-0.134867
-0.0517824
0.0751754
-0.0245779
-0.0161995
0.10811
-0.122609
-0.093766
0.0109297
0.145398
-0.0585964
0.0194731
0.109348
0.0361816
0.184359
-0.0911712
0.0303234
0.201048
0.0123997
0.052601
-0.162789
0.0146487
0.0900496
0.0166362
0.0512786
0.0433333
0.0209
0.0636444
-0.121091
-0.111062
0.0845528
0.134369
0.0723484
-0.0384681
-0.0490498
-0.112975
-0.128806
-0.224236
0.0120659
0.290946
-0.126639
-0.176446
0.00701758
-0.0432437
0.0351904
0.111371
0.0625646
-0.0565856
-0.122901
-0.0368438
0.0192665
-0.0812484
0.00909295
-0.18274
-0.10425
-0.0715926
0.13409
0.0967418
-0.0303137
-0.0515275
0.0990153
-0.112761
-0.0187532
0.0515467
-0.0330862
0.0224368
-0.0787386
-0.0289574
-0.140504
0.101399
0.103886
-0.146096
0.14021
-0.10251
0.0193684
0.0316314
0.157291
0.0921004
0.037218
0.0488293
-0.00852395
0.152776
0.01974
0.0659177
-0.104418
0.0641544
-0.113211
0.184069
-0.179806
0.0444072
0.0995974
-0.0247493
0.0520241
-0.0221758
-0.0886831
-0.113925
0.113796
-0.0872307
-0.200392
-0.0413954
-0.0367473
-0.0375355
0.0597605
-0.0566294
-0.0659441
0.0912885
-0.0759288
-0.132558
0.0872634
0.153987
-0.121514
-0.0254958
-0.0502624
0.0461608
0.149131
-0.0102087
0.0488164
0.0758753
-0.103304
0.0420563
-0.0485088
0.0885696
-0.0254495
-0.0381058
-0.0273601
-0.0365852
-0.084699
-0.0524031
-0.135807
-0.0302217
0.0653701
-0.0399585
0.0753763
0.0214565
-0.0870309
-0.0479782
-0.0846739
-0.147683
-0.121117
0.193218
0.032712
-0.118509
0.0343718
0.0152834
-0.0467326
0.0504053
0.0187772
-0.00695725
-0.157667
0.0465258
0.0529661
-0.0278601
0.0131574
-0.235248
-0.0120028
-0.162513
0.0981021
0.0857665
-0.108749
-0.0594775
0.115244
-0.0461926
0.00798973
0.138975
-0.020599
-0.00865602
-0.0949136
-0.0505662
-0.279377
-0.119454
-0.0384468
-0.191809
-0.0329254
-0.108925
-0.138247
0.0445833
0.207243
0.111575
-0.0897135
0.0363513
-0.0300903
0.0489184
-0.0477018
-0.0110106
-0.00256266
0.108263
-0.000433164
0.173777
-0.163101
-0.0335034
0.140367
-0.0282662
-0.0712318
-0.0603483
-0.101229
-0.251835
0.122206
-0.137347
-0.0423669
-0.126256
-0.15058
-0.135148
-0.0432447
-0.051483
-0.0828507
0.0367403
-0.168289
-0.0666682
-0.00894086
0.0311131
-0.218095
-0.0161395
-0.123434
0.0502551
0.103295
0.00267263
0.0606286
-0.0141803
-0.0884632
-0.0663364
-0.105956
0.0181251
-0.0301622
0.0231926
0.00480226
0.0200491
-0.138085
0.0138512
-0.109345
-0.0240363
0.0770393
0.0561075
0.182156
-0.00798803
-0.0963639
-0.00763043
-0.00688472
-0.117821
-0.150874
0.133539
0.0858353
-0.0914796
0.141045
0.0190982
-0.149379
0.0846314
-0.00878898
-0.0582375
-0.112448
-0.0253673
0.0517265
0.0445317
-0.0620552
-0.0552184
0.0696122
0.0749507
0.143888
0.150911
-0.0340738
-0.110913
0.116891
-0.140544
0.0182349
0.0822556
0.0400302
0.0250216
-0.126154
-0.0559415
-0.123335
-0.00318446
0.0235681
-0.164541
-0.0624317
-0.0946704
-0.118163
0.0961352
0.210112
0.158707
-0.0949819
0.0390783
-0.107607
0.219715
-0.0596813
-0.021768
0.0772298
0.0831635
0.100654
0.19376
-0.0410752
-0.0578573
0.105711
0.0848239
-0.137308
-0.0880777
-0.142402
-0.133709
0.13254
-0.174528
0.0389957
-0.184178
-0.140551
0.0181099
-0.127298
-0.0277144
0.112801
0.0857779
-0.059685
-0.128854
0.00997501
0.104404
-0.102858
-0.0397334
0.0563739
0.038579
0.118006
-0.0043614
-0.017521
0.150226
-0.0887818
-0.0150556
-0.175536
0.0803131
0.00621747
0.0246037
0.000525785
0.0670862
-0.0576446
0.000427032
-0.111218
0.003146
0.130952
0.146969
0.141295
-0.0910931
-0.049274
-0.0748127
-0.146803
-0.104185
-0.111914
0.341432
-0.0689443
-0.161732
0.00590891
-0.0638541
0.0341524
0.0772601
0.0464323
-0.135273
-0.104624
0.0309014
0.0428552
-0.0519506
0.00193104
-0.215393
-0.0127501
-0.00139883
0.183516
0.0805014
-0.0691921
-0.00852161
0.0936508
-0.105049
-0.0566134
0.0501703
-0.0218857
0.0541352
-0.0931236
-0.0306199
-0.227114
0.038753
0.107036
-0.105964
0.0337101
-0.188105
-0.121281
0.00191461
0.2238
0.111647
0.0577824
0.0198167
0.0488834
0.121156
-0.0625683
-0.0215939
-0.0798394
0.11182
-0.0260578
0.151307
-0.0798198
0.0666991
0.0851895
-0.0587895
-0.00231218
-0.122426
-0.148133
-0.112176
0.105846
-0.093442
-0.12364
-0.1323
-0.110737
-0.0823625
-0.00573616
-0.0148892
-0.0108408
0.0802658
-0.104524
-0.0752961
0.0111236
-0.0182497
-0.0278048
0.000395624
-0.0473833
-0.176328
0.0573986
0.111629
-0.037512
-0.00348612
-0.212132
0.000847375
-0.0739909
0.0912246
-0.148835
0.0304264
0.0261635
0.074751
-0.134863
-0.00780875
-0.0891508
-0.11815
-0.0115731
0.00148144
0.173357
-0.0544918
-0.0683647
-0.0248359
-0.13284
-0.184878
0.00355746
0.168854
0.00663076
-0.0352195
-0.008912
-0.045725
-0.0302289
0.148323
-0.0509151
-0.0280342
-0.139031
0.0320743
0.140112
-0.0295357
-0.121818
-0.195847
-0.00755419
-0.12385
0.203976
0.0940059
-0.156224
-0.114067
0.00272265
-0.0427631
0.165073
0.0955649
-0.0190379
0.0215843
-0.0453753
-0.0310097
-0.312354
-0.059992
0.161648
-0.0625127
-0.065634
-0.0757842
-0.0676653
-0.0549248
0.163982
0.134948
0.0780642
-0.0859258
-0.0283275
0.167643
-0.116824
-0.0715829
0.0361576
0.0968718
0.0906091
0.111235
-0.10311
-0.00745818
0.139176
-0.0426947
0.0320387
-0.0154156
-0.0730018
-0.178507
0.104674
0.00947459
-0.115102
-0.0893145
-0.0561362
-0.116418
-0.00871136
-0.0510321
0.0540531
-0.0657109
-0.0797031
-0.100305
